[gd_scene format=3 uid="uid://bmf5fgc0dju2w"]

[ext_resource type="PackedScene" uid="uid://dqkg8yhq3f86w" path="res://scenes/character.tscn" id="2_0wfyh"]
[ext_resource type="Material" uid="uid://d1qrc1vgaclhi" path="res://scenes/grid_mat.tres" id="2_sugp2"]

[sub_resource type="ProceduralSkyMaterial" id="ProceduralSkyMaterial_0wfyh"]

[sub_resource type="Sky" id="Sky_sugp2"]
sky_material = SubResource("ProceduralSkyMaterial_0wfyh")

[sub_resource type="Environment" id="Environment_jyhfs"]
background_mode = 2
sky = SubResource("Sky_sugp2")

[sub_resource type="BoxShape3D" id="BoxShape3D_0wfyh"]
size = Vector3(10, 1, 10)

[sub_resource type="BoxMesh" id="BoxMesh_sugp2"]
material = ExtResource("2_sugp2")
size = Vector3(10, 1, 10)

[sub_resource type="BoxShape3D" id="BoxShape3D_sugp2"]
size = Vector3(1, 4.372925, 1.1835938)

[sub_resource type="BoxMesh" id="BoxMesh_jyhfs"]
material = ExtResource("2_sugp2")
size = Vector3(1, 4.372925, 1.1835938)

[node name="Main" type="Node3D" unique_id=1044635805]

[node name="WorldEnvironment" type="WorldEnvironment" parent="." unique_id=1139945653]
environment = SubResource("Environment_jyhfs")

[node name="DirectionalLight3D" type="DirectionalLight3D" parent="." unique_id=373373148]
transform = Transform3D(1, 0, 0, 0, 0.6490233, 0.76076853, 0, -0.76076853, 0.6490233, 0, 2.8418324, 0)

[node name="Camera3D" type="Camera3D" parent="." unique_id=1100995498]
transform = Transform3D(0.8476977, -0.2990003, 0.43818653, -0.0042975945, 0.8221217, 0.56929564, -0.5304622, -0.48447376, 0.69562566, 1.9362037, 3.3534737, 2.863975)

[node name="Character" parent="." unique_id=131758877 instance=ExtResource("2_0wfyh")]
transform = Transform3D(1, 0, 0, 0, 1, 0, 0, 0, 1, 0, 0.91816545, 0)

[node name="StaticBody3D" type="StaticBody3D" parent="." unique_id=640475531]

[node name="CollisionShape3D" type="CollisionShape3D" parent="StaticBody3D" unique_id=554581432]
shape = SubResource("BoxShape3D_0wfyh")

[node name="MeshInstance3D" type="MeshInstance3D" parent="StaticBody3D/CollisionShape3D" unique_id=1735508664]
mesh = SubResource("BoxMesh_sugp2")

[node name="CollisionShape3D2" type="CollisionShape3D" parent="StaticBody3D" unique_id=1272910142]
transform = Transform3D(0.9918281, -0.12588523, 0.02073643, 0.12756352, 0.9812443, -0.14452349, -0.0021541053, 0.14598767, 0.98928404, -1.474287, 2.367573, -0.036596537)
shape = SubResource("BoxShape3D_sugp2")

[node name="MeshInstance3D" type="MeshInstance3D" parent="StaticBody3D/CollisionShape3D2" unique_id=132639639]
mesh = SubResource("BoxMesh_jyhfs")
